wc269=57.4878837269112
wc270=60.7493462387441
wc271=63.4570798279102
wc272=65.6351775664969
wc273=68.2955573320248
wc274=70.7934062584464
wc0269=51.713859970202
a269=0.432973625557927
wc0270=57.3898671057323
a270=0.744162979145728
wc0271=60.3487417576894
a271=0.804288318555527
wc0272=62.1008499197674
a272=0.70734811536599
wc0273=64.8620678424419
a273=0.728122223057602
wc0274=67.7886253530914
a274=0.832007417094741
wc269Pmin=57.4878837269112
wc269Pmax=65.5715169863041
wc270Pmin=60.7493462387441
wc270Pmax=65.4526170249607
wc271Pmin=63.4570798279102
wc271Pmax=67.8087531262193
wc272Pmin=65.6351775664969
wc272Pmax=70.5832362719181
wc273Pmin=68.2955573320248
wc273Pmax=73.1024426174408
wc274Pmin=70.7934062584464
wc274Pmax=75.0000995259434
